10 252149039181
252149039181 -194031054336300
-194031054336300 97442988689487
97442988689487 46639511274414
46639511274414 -95243241364191
-95243241364191 -50811169622760
-50811169622760 75856735677251
75856735677251 -262162722120302
-262162722120302 232116663927605
232116663927605 -235768103781476
-235768103781476 -139557946652297
-139557946652297 -47374628359754
-47374628359754 41257261493897
41257261493897 -252585333479840
-252585333479840 1648252851947
1648252851947 95224098022426
95224098022426 24467831454493
24467831454493 39470786214244
39470786214244 -198712851036257
-198712851036257 -228813417867074
-228813417867074 184021930163441
184021930163441 146729483729064
146729483729064 -74857695457389
-74857695457389 -112085237304414
-112085237304414 94540585846789
94540585846789 -126623701260244
-126623701260244 -266314871692601
-266314871692601 264544504256710
264544504256710 -173247505600423
-173247505600423 -136536242533392
-136536242533392 260195676026171
260195676026171 257355404274730
257355404274730 -185805666432531
-185805666432531 -30868941608972
-30868941608972 220932844583663
220932844583663 -141972722216498
-141972722216498 97329348978881
97329348978881 -200431893331912
-200431893331912 12490011813859
12490011813859 -97032365904462
-97032365904462 199975207215317
199975207215317 -172715691484996
-172715691484996 125103627579415
125103627579415 212435829334998
212435829334998 8363195401769
8363195401769 -265193274739328
-265193274739328 -200774749747317
-200774749747317 271027792812090
271027792812090 -213181715911491
-213181715911491 110874646715012
110874646715012 -92780066348481
-92780066348481 -73429905281314
-73429905281314 91767470205073
91767470205073 246252698864584
246252698864584 20562974782515
20562974782515 -234001244845118
-234001244845118 31282849369509
31282849369509 -118234923086516
-118234923086516 268141588492647
268141588492647 267396957803238
267396957803238 -164941347835911
-164941347835911 263435392230160
263435392230160 -160699799384613
-160699799384613 187041882073162
187041882073162 106327154549645
106327154549645 -31083976748780
-31083976748780 25919708511631
25919708511631 -55360498487314
-55360498487314 -133628677374879
-133628677374879 -90781543048360
-90781543048360 29582040331395
29582040331395 -7901379801646
-7901379801646 -143877051527563
-143877051527563 50514413225436
50514413225436 216368450250423
216368450250423 -8921170123274
-8921170123274 -275717452534327
-275717452534327 161208307668128
161208307668128 211408408496171
211408408496171 -98206484243366
-98206484243366 161096265379421
161096265379421 -265132094305372
-265132094305372 50266292128991
50266292128991 265099393389822
265099393389822 51118908662833
51118908662833 -146023184945432
-146023184945432 -127922989635373
-127922989635373 -257010659970078
-257010659970078 106650598482757
106650598482757 -25355315936660
-25355315936660 -1790642581497
-1790642581497 206263670643974
206263670643974 136550463258521
136550463258521 169980654619184
169980654619184 119612506568315
119612506568315 -247744149228438
-247744149228438 -97040000758483
-97040000758483 -196488119530956
-196488119530956 -183689715199953
-183689715199953 28482008833550
