82 10
10 18
18 55
55 1
1 25
25 20
20 39
39 67
67 22
22 79
79 64
64 51
51 62
62 96
96 10
10 9
9 23
23 91
91 88
88 29
29 12
12 97
97 85
85 99
99 52
52 22
22 60
60 90
90 56
56 46
46 61
61 19
19 77
77 37
37 44
44 91
91 37
37 25
25 93
93 45
45 32
32 42
42 56
56 58
58 0
0 33
33 72
72 65
65 26
26 71
71 40
40 74
74 44
44 2
2 38
38 38
38 93
93 39
39 49
49 3
3 21
21 80
80 87
87 82
82 40
40 40
40 79
79 100
100 66
66 57
57 57
57 19
19 31
31 33
33 47
47 45
45 96
96 28
28 92
92 51
51 25
25 30
30 63
63 4
4 100
100 51
51 66
66 37
37 10
10 22
22 70
70 73
73 95
95 67
67 16
16 90
90 18
18 66
66 92
92 73
