-5 -0.283662 -0.260798
-4.9 -0.186512 -0.171479
-4.8 -0.087499 -0.0804462
-4.7 0.0123887 0.0113901
-4.6 0.112153 0.103113
-4.5 0.210796 0.193805
-4.4 0.307333 0.28256
-4.3 0.400799 0.368493
-4.2 0.490261 0.450744
-4.1 0.574824 0.52849
-4 0.653644 0.600957
-3.9 0.725932 0.667419
-3.8 0.790968 0.727212
-3.7 0.8481 0.779739
-3.6 0.896758 0.824476
-3.5 0.936457 0.860974
-3.4 0.966798 0.88887
-3.3 0.98748 0.907884
-3.2 0.998295 0.917828
-3.1 0.999135 0.9186
-3 0.989992 0.910195
-2.9 0.970958 0.892694
-2.8 0.942222 0.866275
-2.7 0.904072 0.8312
-2.6 0.856889 0.78782
-2.5 0.801144 0.736568
-2.4 0.737394 0.677956
-2.3 0.666276 0.612571
-2.2 0.588501 0.541065
-2.1 0.504846 0.464153
-2 0.416147 0.382603
-1.9 0.32329 0.297231
-1.8 0.227202 0.208889
-1.7 0.128844 0.118459
-1.6 0.0291995 0.0268459
-1.5 -0.0707372 -0.0650355
-1.4 -0.169967 -0.156267
-1.3 -0.267499 -0.245937
-1.2 -0.362358 -0.33315
-1.1 -0.453596 -0.417034
-1 -0.540302 -0.496751
-0.9 -0.62161 -0.571505
-0.8 -0.696707 -0.640549
-0.7 -0.764842 -0.703192
-0.6 -0.825336 -0.75881
-0.5 -0.877583 -0.806845
-0.4 -0.921061 -0.846819
-0.3 -0.955336 -0.878332
-0.2 -0.980067 -0.901069
-0.1 -0.995004 -0.914802
-1.02696e-15 -1 -0.919395
0.1 -0.995004 -0.914802
0.2 -0.980067 -0.901069
0.3 -0.955336 -0.878332
0.4 -0.921061 -0.846819
0.5 -0.877583 -0.806845
0.6 -0.825336 -0.75881
0.7 -0.764842 -0.703192
0.8 -0.696707 -0.640549
0.9 -0.62161 -0.571505
1 -0.540302 -0.496751
1.1 -0.453596 -0.417034
1.2 -0.362358 -0.33315
1.3 -0.267499 -0.245937
1.4 -0.169967 -0.156267
1.5 -0.0707372 -0.0650355
1.6 0.0291995 0.0268459
1.7 0.128844 0.118459
1.8 0.227202 0.208889
1.9 0.32329 0.297231
2 0.416147 0.382603
2.1 0.504846 0.464153
2.2 0.588501 0.541065
2.3 0.666276 0.612571
2.4 0.737394 0.677956
2.5 0.801144 0.736568
2.6 0.856889 0.78782
2.7 0.904072 0.8312
2.8 0.942222 0.866275
2.9 0.970958 0.892694
3 0.989992 0.910195
3.1 0.999135 0.9186
3.2 0.998295 0.917828
3.3 0.98748 0.907884
3.4 0.966798 0.88887
3.5 0.936457 0.860974
3.6 0.896758 0.824476
3.7 0.8481 0.779739
3.8 0.790968 0.727212
3.9 0.725932 0.667419
4 0.653644 0.600957
4.1 0.574824 0.52849
4.2 0.490261 0.450744
4.3 0.400799 0.368493
4.4 0.307333 0.28256
4.5 0.210796 0.193805
4.6 0.112153 0.103113
4.7 0.0123887 0.0113901
4.8 -0.087499 -0.0804462
4.9 -0.186512 -0.171479
5 -0.283662 -0.260798
