0.711207 -0.162765
1.17497 0.11536
0.723263 0.827947
0.331666 0.559298
-0.484682 -0.0399036
0.364331 0.930196
1.31958 1.01009
0.874302 0.0615269
0.16137 0.193813
0.193587 0.304246
-0.583516 -0.515639
-0.429488 0.237049
-0.143388 -0.519988
-0.288746 -0.0606798
0.413954 -0.278493
1.13623 -0.881461
0.138539 -0.45989
0.368368 0.366099
-0.349079 0.758812
0.355472 1.29742
0.153987 1.32262
0.92061 1.36172
0.148916 1.58801
-0.40773 1.53006
0.195174 0.734416
-0.27959 0.427536
0.568315 0.545548
0.450587 0.00603103
1.39869 0.914037
1.65536 0.82739
1.75589 1.37391
1.98911 1.15613
2.35875 1.34621
2.11614 0.524174
1.819 0.71787
1.29533 1.39396
0.925734 0.976124
1.56199 1.90866
0.826648 1.14771
1.81195 0.764171
2.49577 0.839369
1.6174 -2.30185e-05
1.85354 0.59549
1.23544 0.348542
0.278658 0.127258
-0.443958 -0.413915
0.0712583 -1.36109
1.03159 -0.944803
1.11256 -0.961791
1.64386 -0.917042
2.51585 -1.86527
1.7167 -1.65272
2.0161 -1.21831
2.15135 -2.02777
1.63842 -2.02152
1.24948 -1.35273
1.71481 -0.752579
1.28063 -1.06436
1.92797 -1.63958
1.206 -2.32218
0.742011 -1.89107
0.245695 -1.08157
0.345315 -1.29532
0.589869 -1.9858
0.0111968 -1.32534
-0.575317 -2.1281
0.0365258 -2.07172
-0.69504 -2.23736
-1.32491 -3.05385
-1.56174 -2.38017
-1.44023 -3.28141
-0.789724 -3.96177
-1.77247 -4.64442
-1.58109 -3.79994
-1.36701 -4.34869
-2.257 -5.33981
-3.1301 -5.60033
-3.36009 -6.22683
-3.83599 -6.65324
-4.03025 -7.2492
-5.02881 -8.13155
-4.05289 -8.13646
-3.64275 -7.35633
-4.03677 -6.3582
-4.70942 -6.13848
-3.85559 -5.25161
-4.38771 -5.32315
-4.40183 -5.93491
-4.16375 -6.21697
-4.18098 -5.71339
-4.12419 -4.94572
-3.62094 -5.54375
-2.8569 -6.42099
-2.51523 -6.54891
-3.46885 -5.92101
-3.21786 -6.20374
-3.19422 -6.73177
-3.24262 -6.33631
-3.60882 -5.46575
-3.49261 -5.60166
-3.76035 -6.27735
-4.33148 -6.03667
-3.81907 -5.22228
-3.97842 -4.61691
-4.87338 -4.40361
-5.79858 -5.1278
-5.87667 -5.33055
-5.36481 -6.00485
-5.78309 -6.67214
-5.51945 -6.92079
-4.98448 -7.32021
-4.12555 -8.29651
-4.39589 -7.68157
-3.92364 -7.07941
-4.61473 -6.90864
-5.60342 -7.57564
-4.98592 -8.27611
-4.40368 -7.34047
-5.08523 -8.19303
-5.38949 -8.91582
-6.0534 -8.47243
-6.70695 -9.31315
-6.48113 -8.72375
-6.41826 -8.25314
-7.20785 -7.46194
-6.81298 -8.07957
-6.80694 -7.71639
-6.37618 -8.67953
-6.08835 -8.20289
-6.03382 -8.23119
-6.57026 -9.00474
-6.5308 -8.74317
-7.47614 -9.64183
-7.88298 -9.13858
-7.58478 -8.75788
-8.33285 -9.16499
-8.46486 -9.61312
-8.42972 -10.1411
-8.35716 -9.43291
-7.83596 -8.64724
-8.28333 -9.21242
-8.46347 -10.1181
-8.74053 -9.99076
-8.32068 -9.13965
-8.07465 -10.0386
-7.83121 -10.9686
-8.51408 -11.8564
-7.83858 -12.8182
-7.27748 -12.4789
-8.10825 -12.0405
-8.49985 -11.8435
-8.68351 -11.3297
-9.07895 -10.8414
-8.98403 -11.3508
-9.30583 -11.0969
-10.1228 -10.1791
-9.45276 -9.25797
-9.0429 -9.80804
-8.34643 -9.7701
-7.60678 -9.72338
-7.85659 -10.3605
-7.08471 -11.2175
-7.31908 -10.3843
-7.60067 -10.739
-7.92536 -11.5825
-7.98928 -11.284
-8.05783 -11.3452
-8.70753 -11.1259
-9.62742 -10.1627
-8.92786 -9.79835
-8.8745 -10.3814
-9.81428 -10.2114
-9.05667 -9.85156
-9.8578 -9.37347
-10.4362 -8.88726
-9.58992 -7.9848
-9.93565 -8.57696
-10.7874 -9.1889
-11.2653 -8.56001
-11.8266 -7.8521
-11.6655 -7.88447
-11.6312 -7.59508
-11.7275 -8.51985
-11.4567 -8.26101
-12.2238 -9.10838
-11.8184 -9.89506
-12.7224 -9.45661
-13.4038 -9.68114
-12.4236 -9.3961
-11.8057 -8.48159
-12.1656 -8.61067
-12.1051 -8.41705
-11.3065 -8.50684
-12.2459 -9.17933
-11.8978 -9.66467
-12.6036 -10.2845
-12.6966 -10.5237
-11.9111 -9.54362
-12.8968 -9.2917
-13.3728 -9.4775
-12.7842 -9.10762
-13.365 -9.89574
-13.0075 -9.16195
-13.9367 -9.2429
-14.2664 -8.40105
-14.9995 -9.39435
-15.0099 -9.4591
-15.8929 -9.47006
-15.1 -9.7539
-15.5298 -9.28445
-16.423 -9.79866
-15.5234 -9.1746
-14.8565 -9.89925
-14.9224 -9.63204
-14.0813 -9.73155
-14.6632 -9.56189
-15.2526 -9.50398
-15.5345 -10.0541
-15.4711 -9.97857
-16.4152 -9.15128
-15.9909 -9.1526
-16.5203 -8.89207
-15.8157 -9.61106
-16.813 -10.2887
-17.1298 -10.774
-17.9102 -10.8548
-18.6398 -10.9847
-18.4006 -10.0522
-18.6806 -10.544
-19.2148 -11.5086
-19.549 -12.5042
-19.485 -13.2269
-18.5953 -13.3788
-18.0485 -13.3779
-18.2695 -12.7365
-19.2004 -12.3673
-18.3716 -11.4459
-17.9602 -12.0967
-17.8035 -12.9417
-17.6798 -13.6805
-17.163 -14.0275
-16.599 -13.6562
-15.8932 -14.0975
-15.5622 -13.7878
-16.0563 -14.5651
-15.6839 -14.9378
-15.1539 -15.0269
-14.8572 -14.6184
-14.4662 -14.7874
-13.8156 -15.4246
-13.9698 -15.2047
-12.9893 -15.9248
-12.0494 -15.0294
-12.2373 -14.4529
-11.6417 -13.574
-11.4073 -13.8912
-11.7549 -14.2716
-12.4425 -14.2228
-12.7313 -14.5848
-13.2056 -14.0545
-12.6348 -14.7626
-11.7721 -14.408
-11.5116 -14.5806
-12.0189 -15.1117
-11.1918 -14.2869
-11.463 -14.8823
-11.5754 -13.9193
-10.6614 -13.8949
-11.4531 -14.3235
-11.0172 -13.6894
-11.5379 -13.4036
-11.479 -12.8251
-12.3693 -12.8645
-13.1341 -12.0321
-13.1265 -12.8871
-13.7758 -12.2913
-14.0409 -11.6464
-13.9535 -12.601
-13.8243 -11.8171
-13.542 -10.9612
-14.1446 -11.8206
-14.7983 -11.2353
-15.4542 -12.118
-16.2648 -11.3556
-16.8579 -10.9633
-15.8682 -11.6617
-15.2853 -10.8017
-15.1326 -11.0272
-15.7541 -11.7061
-15.0068 -11.4242
-14.5871 -10.465
-14.6382 -10.9935
-14.4938 -11.7767
-14.7398 -12.3053
-13.7512 -12.1633
-13.3022 -12.0137
-13.0465 -11.2566
-12.498 -10.9192
-12.3471 -11.1227
-12.3891 -11.4168
-12.2289 -11.2176
-11.694 -11.5112
-11.3323 -11.462
-11.3569 -12.1685
-11.2348 -11.6438
-12.1791 -10.6523
-12.5384 -11.5172
-11.7231 -11.922
-11.5929 -11.7886
-10.8163 -12.3625
-11.0129 -12.2838
-11.2082 -11.9042
-11.3422 -11.5882
-11.3917 -12.1974
-12.0868 -11.912
-11.94 -11.1165
-12.9232 -10.466
-13.2147 -9.55331
-13.6072 -9.42798
-12.8646 -8.46217
-12.7271 -7.55652
-13.217 -8.26685
-14.0892 -8.35138
-14.8742 -9.14565
-14.8579 -9.81839
-14.0406 -10.7176
-14.4322 -11.2889
-13.8958 -10.445
-13.0421 -9.78973
-12.096 -9.15349
-12.7937 -8.54499
-12.7711 -9.52978
-12.2439 -9.8923
-12.4382 -8.94321
-12.9666 -8.17373
-13.1405 -8.03668
-13.9086 -8.16219
-13.1012 -8.86902
-12.9078 -8.27008
-12.5552 -9.18534
-11.9976 -8.97118
-11.2674 -8.22202
-11.7753 -8.05899
-10.9964 -7.40044
-10.2911 -7.38127
-9.77372 -7.17071
-9.4119 -7.37644
-10.0709 -8.28354
-9.9737 -9.05153
-9.05921 -9.2628
-9.78727 -9.93257
-9.63578 -9.96131
-9.83528 -10.353
-9.05458 -10.2895
-8.74086 -10.9163
-8.09003 -10.1743
-7.61796 -10.0064
-7.65377 -9.8364
-8.10185 -10.5273
-7.69098 -9.57372
-8.22935 -9.97184
-8.04247 -10.2283
-7.59364 -10.6311
-8.32362 -10.6972
-7.75363 -11.4789
-8.29067 -11.6965
-8.92023 -11.6949
-8.86396 -12.3837
-8.7293 -12.3812
-8.47326 -12.31
-9.27163 -12.0365
-8.79834 -11.364
-8.27107 -12.2977
-9.15064 -12.2018
-9.25701 -13.0053
-8.55214 -12.6962
-7.66196 -11.7155
-7.69019 -12.1702
-7.77312 -12.006
-8.75405 -11.2933
-8.43146 -11.976
-9.09786 -12.9085
-8.28732 -12.3051
-9.06939 -11.5766
-9.08702 -11.7835
-8.58587 -12.7504
-7.96651 -13.7344
-8.2072 -13.6376
-7.54005 -14.2358
-6.77033 -13.8046
-7.29608 -13.9091
-6.71725 -14.8954
-5.77665 -13.907
-5.81878 -13.6013
-6.09606 -13.9223
-6.7553 -14.6594
-6.36306 -14.1197
-6.40546 -14.4777
-6.86721 -13.8212
-7.62116 -13.526
-7.69801 -12.5957
-7.28457 -12.2539
-6.6807 -11.3285
-5.70137 -12.2931
-4.82347 -12.3674
-5.59748 -12.3503
-5.13649 -11.6497
-4.77346 -11.2874
-5.10682 -11.1274
-5.12988 -10.3799
-5.93254 -9.98293
-6.92692 -10.8054
-7.50566 -10.6303
-8.22137 -10.4607
-8.25854 -9.86138
-7.85081 -9.26749
-7.46754 -9.92005
-7.69601 -10.3067
-6.7034 -9.65722
-7.16611 -10.0501
-7.52169 -9.54152
-7.90653 -9.03754
-7.83133 -9.21219
-6.98198 -8.8179
-6.06004 -8.71541
-6.52225 -8.33071
-5.85805 -8.41861
-6.73113 -8.4431
-6.48852 -8.53172
-5.63934 -8.06848
-5.25261 -9.04433
-4.48263 -8.78252
-4.26875 -9.11734
-3.49688 -8.92673
-3.28411 -8.55199
-2.71101 -8.07435
-2.53633 -8.58163
-1.73169 -7.74255
-2.44718 -8.11672
-2.32608 -8.17618
-1.89535 -8.35337
-0.939576 -8.94678
-1.84727 -8.72915
-1.47559 -8.0958
-2.13154 -7.24924
-1.51201 -8.14793
-2.23545 -8.90407
-2.9026 -9.5368
-2.51135 -9.90491
-3.37376 -10.8513
-3.6124 -11.1798
-4.60671 -11.0126
-3.83385 -10.1996
-3.40296 -9.71402
-4.17221 -9.66939
-4.43407 -9.90236
-4.22186 -10.5791
-3.75162 -10.838
-4.62375 -10.5965
-3.74479 -9.90789
-4.30954 -9.69469
-3.4906 -9.22171
-2.50839 -8.65417
-3.10608 -9.21001
-2.6939 -8.48379
-3.17251 -7.88599
-2.97195 -7.28976
-2.55895 -8.21328
-1.70087 -7.61253
-1.92171 -8.1316
-2.16719 -7.93531
-1.85645 -8.69668
-1.14351 -8.32779
-0.481727 -8.84232
0.283925 -9.65539
1.20148 -9.65842
0.355873 -8.67872
0.145592 -7.90954
1.03585 -7.9488
1.33995 -8.8155
1.13797 -8.3612
0.184215 -8.19175
1.06706 -8.11606
1.44613 -8.49209
0.597229 -8.29017
1.04136 -9.08332
1.98126 -8.29884
1.88297 -7.47488
1.02564 -7.4993
0.508375 -7.76182
0.942767 -7.19187
1.78803 -6.86591
1.48664 -6.47466
1.07482 -6.93417
0.444492 -7.10785
1.094 -6.96337
1.99766 -6.51416
1.09421 -7.05725
1.3435 -6.79482
1.34689 -6.5772
0.753803 -6.26251
1.37654 -5.72418
0.551301 -6.56277
0.0753832 -5.76039
-0.394337 -6.44854
-1.16368 -6.74852
-0.412936 -6.45769
-0.166403 -6.96696
0.421841 -6.20838
0.553636 -6.77804
0.841758 -6.42483
0.974473 -6.17824
1.13806 -5.40604
1.54367 -5.71232
2.28787 -4.82253
3.21984 -3.94671
2.23952 -4.49228
1.66951 -5.42017
0.984472 -5.32808
1.67468 -6.2522
2.59422 -6.33408
2.18394 -6.59555
1.21329 -6.87699
0.522843 -6.20526
0.641688 -5.2065
0.134795 -4.20827
0.157757 -4.26862
0.686976 -3.85979
-0.111313 -3.5189
-0.745549 -4.47939
-0.0261123 -4.31001
-0.00934194 -4.59058
-0.936851 -4.4102
-0.599704 -4.96834
-0.39386 -5.81467
-0.0266639 -6.6351
0.833967 -5.74314
1.51315 -5.88163
2.27057 -6.62397
2.44067 -6.34439
1.79358 -5.95245
1.88496 -6.43047
2.32809 -5.52489
3.05558 -5.28451
3.86032 -5.57686
4.50619 -6.11031
4.06494 -6.09617
3.55092 -6.8861
2.79351 -7.85421
3.51498 -8.65005
4.006 -8.58551
4.09174 -9.50368
4.35625 -9.75739
5.24202 -10.2773
4.64386 -10.8393
3.78236 -11.7322
2.95034 -12.7052
3.35252 -12.8893
3.90314 -11.8985
4.0834 -12.8047
4.05724 -12.585
3.65273 -11.9156
3.83061 -12.0318
2.96154 -12.7425
2.46166 -13.3458
2.72849 -12.395
2.15814 -13.3916
2.99157 -12.5349
2.13996 -13.0883
1.99036 -14.0691
2.00654 -13.4875
2.25762 -12.9663
2.45168 -12.8365
1.96164 -12.1111
2.7697 -11.1433
2.05719 -10.1604
2.47521 -9.69608
2.17277 -9.08962
2.38517 -8.95936
2.04213 -8.30448
1.40308 -8.67829
0.70338 -9.52223
0.167983 -9.23816
0.244588 -9.35951
1.11269 -8.3969
2.02301 -8.21273
2.77425 -8.37811
1.91678 -8.12616
1.26539 -8.31067
1.60687 -8.47576
1.7269 -8.29785
0.795074 -9.19153
1.69863 -9.28246
2.33007 -8.48878
1.90451 -8.7276
2.51357 -8.07152
2.11647 -8.0769
2.06499 -7.19721
2.75685 -8.08407
2.71212 -7.14752
2.07095 -7.17828
1.69968 -7.86272
0.914893 -7.02999
1.09408 -7.25377
1.28712 -7.90968
1.78862 -8.00041
1.77638 -7.60553
1.8835 -7.03777
1.96713 -7.74862
2.63619 -7.42365
2.44443 -6.53149
1.76041 -5.7624
2.56574 -5.42566
1.59903 -5.02714
2.02452 -5.16869
2.24831 -4.50216
2.60927 -4.89167
2.03314 -5.57053
3.00832 -4.90736
3.84186 -3.94115
3.18002 -4.72287
3.97258 -3.79509
3.9466 -4.5648
4.82691 -5.4843
4.27829 -6.3683
3.93156 -6.40846
4.39694 -7.3839
4.33997 -7.58907
3.96911 -7.51013
4.10115 -7.4204
3.96555 -7.12739
4.17401 -6.45135
4.81091 -6.61388
5.32453 -6.85744
4.3922 -7.38893
4.38467 -7.7682
4.88742 -7.49353
5.65083 -6.5047
5.32812 -7.44389
5.13379 -7.13501
5.13831 -6.9409
5.95213 -6.28091
5.09639 -7.20883
4.89821 -7.34578
4.49636 -7.82262
3.71358 -6.98581
3.51246 -7.04758
4.00276 -7.98682
3.16266 -7.47892
3.60288 -7.48046
2.92292 -7.09684
2.31516 -6.66078
2.91133 -6.1
2.05493 -5.17019
2.31877 -4.22736
2.91647 -3.86455
2.29008 -4.04179
3.25242 -4.13592
3.45406 -4.28238
2.51946 -4.91439
1.52663 -4.6895
1.44506 -4.34876
1.70198 -3.84469
2.62104 -3.79715
1.80033 -2.99679
1.94005 -3.33135
1.22852 -3.54996
1.98388 -4.51305
1.52483 -4.82615
1.10184 -4.56809
0.200239 -4.48133
0.365291 -4.25501
-0.105354 -4.15296
0.0953144 -3.92857
-0.620099 -3.97302
-1.60965 -4.55583
-0.883146 -4.02776
-0.936479 -3.58611
-1.9099 -4.47993
-2.09417 -5.35119
-1.15109 -6.33148
-0.859567 -6.30655
-0.833083 -5.95297
-0.0548806 -6.79212
-0.229713 -6.77649
-0.787851 -6.8452
-1.15639 -7.80473
-0.55569 -7.84177
-0.00462477 -8.30394
-0.9679 -9.19505
-0.887703 -9.92559
-0.466228 -9.78461
-0.690849 -10.7814
-1.56414 -11.0089
-2.06911 -10.2299
-1.53988 -10.8003
-1.23016 -10.8658
-0.435384 -11.8188
-0.65273 -12.5715
-0.700104 -13.5596
-0.343346 -14.0792
-0.819348 -14.9667
-0.37055 -15.6773
0.316216 -15.7143
0.777398 -15.7689
0.656979 -15.4592
0.600503 -14.5122
-0.328397 -13.6293
-0.58827 -12.8766
-0.0129129 -11.9289
-0.954566 -12.0575
-0.753519 -11.7347
-1.73505 -12.6758
-2.65204 -12.7434
-2.40869 -13.1942
-1.54239 -13.4408
-0.903098 -14.1179
-0.41453 -14.6694
0.552648 -14.1289
0.91406 -14.213
0.210314 -14.5737
0.518701 -14.327
0.102707 -13.693
0.663449 -13.5533
0.915245 -13.2878
0.757292 -13.8765
-0.13533 -13.3288
-1.06508 -14.2709
-0.501984 -14.3676
-1.15006 -14.26
-1.33726 -14.2209
-1.47032 -14.9346
-1.9851 -15.0803
-1.18335 -15.4895
-1.5756 -16.1314
-2.31978 -15.6884
-1.6409 -14.9876
-0.975378 -14.5505
-0.906888 -14.2832
-0.946621 -13.5156
-0.172582 -13.6223
0.260239 -12.8038
1.13828 -12.5139
0.489243 -11.6721
1.2282 -11.9622
0.903182 -12.3804
1.35572 -11.953
1.61093 -12.7105
1.30172 -12.1385
1.72031 -11.3908
0.948686 -11.9719
0.324231 -11.0926
0.65067 -10.4721
1.21199 -11.1736
0.619661 -10.4066
1.37817 -9.70453
1.8277 -8.75832
1.91421 -8.35702
2.02476 -8.22517
1.82161 -8.52853
1.8815 -9.00518
2.30663 -8.76112
2.9107 -8.34371
3.77798 -9.12982
4.11052 -9.37184
3.11932 -9.49526
2.19017 -9.34671
1.46349 -10.1585
0.77945 -10.5952
1.2567 -10.2243
0.883733 -10.426
1.65124 -10.0129
0.873401 -9.14627
0.452825 -9.03383
0.79394 -9.3089
1.33256 -10.081
2.3013 -9.72195
1.66766 -9.78425
2.27647 -9.52581
3.24871 -10.0142
3.6443 -10.3359
3.97999 -10.9374
4.20449 -11.4928
3.86199 -10.7042
3.53844 -10.9574
2.99268 -11.7578
2.26781 -11.4085
1.91895 -10.8327
2.75958 -11.6704
3.51501 -11.3769
2.91562 -10.9386
2.66919 -10.5792
3.43853 -11.5247
3.00515 -10.7584
3.03266 -11.7435
3.81637 -12.1943
2.83674 -11.3144
2.66108 -11.4179
3.31489 -10.5251
3.58642 -10.2974
2.90485 -10.2242
1.96413 -10.5838
2.01257 -10.9379
1.92872 -11.3073
1.79362 -11.0401
1.15395 -11.1838
1.29047 -10.2461
1.15611 -9.87178
0.586023 -10.6152
0.91409 -11.204
0.771229 -11.6273
0.260341 -10.9497
0.10274 -10.5408
-0.197454 -10.4026
-0.210404 -10.8627
-1.1878 -11.524
-1.11436 -11.7475
-1.79293 -12.5044
-1.4061 -12.1525
-1.48063 -11.6765
-1.62415 -12.1004
-1.84494 -12.8921
-2.44998 -13.7488
-2.98214 -12.9156
-3.41873 -13.0953
-2.59494 -13.7089
-3.26732 -12.9814
-3.58334 -13.1626
-4.46693 -13.0582
-5.29392 -13.7963
-4.8719 -13.0763
-5.67246 -13.2522
-4.99571 -13.4546
-4.94045 -12.744
-5.68988 -12.9636
-6.28034 -12.3538
-6.72887 -12.6259
-7.64283 -13.5103
-8.60239 -14.1158
-9.2188 -15.0066
-8.7462 -15.518
-8.2856 -14.85
-7.29172 -15.7337
-6.62774 -16.3383
-5.98003 -16.6152
-5.49163 -15.823
-4.53866 -15.3089
-4.36999 -14.784
-3.8575 -14.9794
-3.5873 -15.4524
-3.43596 -16.2602
-3.08089 -15.2681
-3.97663 -16.0492
-4.83178 -15.1517
-4.75687 -15.5139
-5.23651 -16.5131
-6.17272 -17.2724
-5.29161 -17.5254
-5.76782 -17.0932
-6.62816 -16.3577
-6.31064 -16.1808
-5.31127 -16.6472
-4.32318 -15.9388
-5.00602 -15.4707
-4.26566 -15.2668
-3.51091 -15.8624
-3.31076 -16.5377
-2.73547 -17.4275
-3.12339 -16.7478
-3.18083 -17.0514
-2.46368 -16.8165
-1.8301 -16.0153
-2.13315 -16.2934
-2.47709 -15.5779
-2.7074 -14.83
-2.31233 -14.6795
-1.83572 -14.9893
-2.53057 -15.2682
-2.82589 -14.9524
-1.95481 -14.825
-1.98292 -15.6862
-2.65212 -15.6965
-2.32251 -16.3981
-2.80973 -16.909
-2.51657 -16.0265
-3.09643 -17
-3.50688 -17.8611
-4.50276 -17.2009
-3.66304 -17.8286
-3.70668 -17.9348
-4.28177 -18.6056
-5.16842 -18.9107
-4.73062 -18.3768
-5.27809 -18.6963
-5.86559 -19.0124
-6.82166 -19.2806
-6.41304 -19.3401
-6.36005 -18.6667
-6.39514 -19.6092
-7.07233 -20.1772
-7.72239 -20.9811
-7.12463 -20.4903
-7.51262 -20.9003
-6.92748 -20.187
-7.44012 -21.0714
-8.11636 -22.056
-8.62032 -21.7957
-7.71714 -22.4007
-7.49633 -21.4388
-8.47613 -22.3527
-7.61521 -21.712
-6.65079 -22.1695
-7.16323 -22.6825
-6.81095 -22.0292
-6.36635 -21.0979
-6.35724 -21.2211
-5.59477 -21.6002
-5.4926 -21.2415
-5.75924 -21.698
-5.83331 -22.2607
-5.66299 -21.2866
-6.04913 -21.8389
-5.225 -21.6937
-5.58653 -20.8043
-6.39454 -20.6363
-5.74104 -19.8817
-6.53217 -20.6621
-7.26403 -19.7461
-6.90524 -20.5301
-7.02382 -19.842
-6.40283 -20.3421
-5.87004 -20.0042
-5.81149 -19.2729
-6.72294 -19.7558
-6.61274 -19.7282
-6.62528 -19.1566
-6.53307 -19.3512
-6.94834 -19.071
-6.70379 -18.3076
-6.05706 -18.687
-6.53432 -18.9852
-6.45881 -18.6078
-6.62377 -18.0978
-7.46998 -18.2531
-7.31843 -18.7415
-7.01011 -17.9112
-7.14299 -16.9563
-6.71224 -16.812
-5.71698 -16.5948
-5.33373 -16.4173
-4.72582 -16.1842
-4.08291 -16.7504
-3.73094 -16.9196
-2.91901 -16.4737
-3.6156 -16.2545
-3.44773 -17.2405
-3.98474 -17.4788
-3.7159 -16.6281
-4.22509 -16.5403
-4.99209 -16.6476
-5.3514 -16.3148
-4.72895 -15.5324
-4.1671 -15.2734
-4.52506 -16.1301
-4.85402 -17.0395
-4.80261 -17.6434
-4.153 -17.8128
-4.2265 -17.6843
-4.46695 -16.7649
-3.53725 -17.7464
-2.90894 -16.8538
-2.0759 -15.9462
-1.52655 -15.8365
-1.03768 -15.1508
-1.6717 -16.1447
-1.27975 -15.3487
-2.00394 -16.1931
-1.92923 -15.2961
-1.43493 -14.5922
-1.35205 -13.6209
-1.48071 -13.9735
-1.79925 -13.7213
-2.43042 -13.0167
-1.74093 -12.9956
-2.68294 -12.2521
-1.92369 -12.8837
-1.01513 -12.6531
-1.33937 -12.788
-1.93989 -12.6147
-2.82539 -12.4331
-2.76762 -11.7994
-2.02641 -11.0418
-1.21249 -10.4536
-0.36806 -11.3801
-1.33213 -11.7657
-1.94248 -11.6001
-1.4753 -11.7786
-2.16993 -12.5535
-1.49928 -12.2207
-2.39057 -12.4363
