-5 0.0228645
-4.9 0.0150338
-4.8 0.00705282
-4.7 0.000998583
-4.6 0.00904001
-4.5 0.0169911
-4.4 0.0247724
-4.3 0.0323063
-4.2 0.0395173
-4.1 0.0463335
-4 0.0526867
-3.9 0.0585135
-3.8 0.0637556
-3.7 0.0683608
-3.6 0.0722829
-3.5 0.0754827
-3.4 0.0779284
-3.3 0.0795954
-3.2 0.0804672
-3.1 0.0805349
-3 0.079798
-2.9 0.0782637
-2.8 0.0759475
-2.7 0.0728724
-2.6 0.0690692
-2.5 0.0645759
-2.4 0.0594373
-2.3 0.0537049
-2.2 0.0474359
-2.1 0.0406929
-2 0.0335434
-1.9 0.0260586
-1.8 0.0183135
-1.7 0.0103855
-1.6 0.00235362
-1.5 0.00570174
-1.4 0.0137001
-1.3 0.0215616
-1.2 0.0292077
-1.1 0.0365619
-1 0.0435509
-0.9 0.0501046
-0.8 0.0561578
-0.7 0.0616498
-0.6 0.0665259
-0.5 0.0707372
-0.4 0.0742418
-0.3 0.0770045
-0.2 0.0789979
-0.1 0.0802019
-1.02696e-15 0.0806046
0.1 0.0802019
0.2 0.0789979
0.3 0.0770045
0.4 0.0742418
0.5 0.0707372
0.6 0.0665259
0.7 0.0616498
0.8 0.0561578
0.9 0.0501046
1 0.0435509
1.1 0.0365619
1.2 0.0292077
1.3 0.0215616
1.4 0.0137001
1.5 0.00570174
1.6 0.00235362
1.7 0.0103855
1.8 0.0183135
1.9 0.0260586
2 0.0335434
2.1 0.0406929
2.2 0.0474359
2.3 0.0537049
2.4 0.0594373
2.5 0.0645759
2.6 0.0690692
2.7 0.0728724
2.8 0.0759475
2.9 0.0782637
3 0.079798
3.1 0.0805349
3.2 0.0804672
3.3 0.0795954
3.4 0.0779284
3.5 0.0754827
3.6 0.0722829
3.7 0.0683608
3.8 0.0637556
3.9 0.0585135
4 0.0526867
4.1 0.0463335
4.2 0.0395173
4.3 0.0323063
4.4 0.0247724
4.5 0.0169911
4.6 0.00904001
4.7 0.000998583
4.8 0.00705282
4.9 0.0150338
5 0.0228645
